0,1,14.378059
0,2,14.116758
0,3,14.220214
0,4,10.467630
0,5,10.447646
0,6,10.435848
0,7,10.444465
0,8,14.232434
0,9,14.399699
0,10,14.088025
0,11,14.220530
0,12,10.384530
0,13,10.445653
0,14,10.443737
0,15,10.439353
1,0,13.692850
1,2,14.314151
1,3,14.169987
1,4,10.458504
1,5,10.438046
1,6,10.441977
1,7,10.437058
1,8,13.682434
1,9,14.207999
1,10,14.267353
1,11,14.163736
1,12,10.381838
1,13,10.443571
1,14,10.436313
1,15,10.428740
2,0,13.585019
2,1,14.160596
2,3,14.123760
2,4,10.439261
2,5,10.411974
2,6,10.432351
2,7,10.417317
2,8,13.543605
2,9,14.178407
2,10,14.061444
2,11,14.093359
2,12,10.387496
2,13,10.428662
2,14,10.429223
2,15,10.420651
3,0,13.706787
3,1,13.992554
3,2,14.102604
3,4,10.450258
3,5,10.443403
3,6,10.441608
3,7,10.436336
3,8,13.664007
3,9,14.031039
3,10,14.054310
3,11,14.171719
3,12,10.395470
3,13,10.448529
3,14,10.429311
3,15,10.431518
4,0,10.726959
4,1,10.346018
4,2,10.322498
4,3,10.333105
4,5,14.783566
4,6,14.664653
4,7,14.674242
4,8,10.777559
4,9,10.297742
4,10,10.307165
4,11,10.319743
4,12,14.289559
4,13,14.701609
4,14,14.647142
4,15,14.790784
5,0,10.738473
5,1,10.342463
5,2,10.332157
5,3,10.344397
5,4,14.708371
5,6,14.737916
5,7,14.572506
5,8,10.779602
5,9,10.311925
5,10,10.326781
5,11,10.323184
5,12,14.680566
5,13,14.319523
5,14,14.743316
5,15,14.597440
6,0,10.741637
6,1,10.369380
6,2,10.345569
6,3,10.349435
6,4,14.307265
6,5,14.344819
6,7,14.299307
6,8,10.783228
6,9,10.316831
6,10,10.343616
6,11,10.350279
6,12,14.297444
6,13,14.358775
6,14,14.168015
6,15,14.330154
7,0,10.728477
7,1,10.349117
7,2,10.322805
7,3,10.343357
7,4,14.523265
7,5,14.395877
7,6,14.500678
7,8,10.789312
7,9,10.305864
7,10,10.320022
7,11,10.328237
7,12,14.561705
7,13,14.508212
7,14,14.387385
7,15,14.235494
8,0,14.352659
8,1,14.347817
8,2,14.344895
8,3,14.422997
8,4,10.503469
8,5,10.488131
8,6,10.483186
8,7,10.462246
8,9,14.417159
8,10,14.308820
8,11,14.436256
8,12,10.406492
8,13,10.483715
8,14,10.477635
8,15,10.482462
9,0,13.605532
9,1,14.216500
9,2,14.295681
9,3,14.117486
9,4,10.452949
9,5,10.448830
9,6,10.445400
9,7,10.433074
9,8,13.638268
9,10,14.276639
9,11,14.159608
9,12,10.394353
9,13,10.441077
9,14,10.443450
9,15,10.436684
10,0,13.533702
10,1,14.159210
10,2,14.077134
10,3,14.088230
10,4,10.428021
10,5,10.423582
10,6,10.437086
10,7,10.417622
10,8,13.509321
10,9,14.160296
10,11,14.066894
10,12,10.356708
10,13,10.434864
10,14,10.432430
10,15,10.418498
11,0,13.734711
11,1,14.004752
11,2,14.089508
11,3,14.168159
11,4,10.446469
11,5,10.443821
11,6,10.441768
11,7,10.430059
11,8,13.619398
11,9,14.012333
11,10,14.031836
11,12,10.372371
11,13,10.441004
11,14,10.440811
11,15,10.436621
12,0,10.663102
12,1,10.335127
12,2,10.305577
12,3,10.297885
12,4,14.309882
12,5,14.735392
12,6,14.590673
12,7,14.772478
12,8,10.766780
12,9,10.293181
12,10,10.318959
12,11,10.301231
12,13,14.697299
12,14,14.631517
12,15,14.745178
13,0,10.729981
13,1,10.352272
13,2,10.325435
13,3,10.330534
13,4,14.633896
13,5,14.301006
13,6,14.696141
13,7,14.659427
13,8,10.745866
13,9,10.287800
13,10,10.334204
13,11,10.300776
13,12,14.673186
13,14,14.733860
13,15,14.690863
14,0,10.733348
14,1,10.358445
14,2,10.339742
14,3,10.349516
14,4,14.286072
14,5,14.422191
14,6,14.147263
14,7,14.326461
14,8,10.797716
14,9,10.315257
14,10,10.337927
14,11,10.350968
14,12,14.315282
14,13,14.424192
14,15,14.337570
15,0,10.736786
15,1,10.357316
15,2,10.331089
15,3,10.338779
15,4,14.578650
15,5,14.458417
15,6,14.529328
15,7,14.207298
15,8,10.771925
15,9,10.312234
15,10,10.333718
15,11,10.339052
15,12,14.560034
15,13,14.486325
15,14,14.484622
