0,1,14.390545
0,2,14.136168
0,3,14.232544
0,4,13.981342
0,5,14.007153
0,6,14.006158
0,7,14.026095
0,8,14.236330
0,9,14.411926
0,10,14.100956
0,11,14.233136
0,12,13.781607
0,13,13.985849
0,14,14.010428
0,15,14.018309
1,0,13.702556
1,2,14.334971
1,3,14.183812
1,4,13.919810
1,5,13.987886
1,6,13.983808
1,7,13.977269
1,8,13.691824
1,9,14.211051
1,10,14.279987
1,11,14.176199
1,12,13.743204
1,13,13.964300
1,14,13.968401
1,15,13.974418
2,0,13.594531
2,1,14.172767
2,3,14.136364
2,4,13.900519
2,5,13.956583
2,6,13.990082
2,7,13.979411
2,8,13.552633
2,9,14.190289
2,10,14.064447
2,11,14.109661
2,12,13.784123
2,13,13.931094
2,14,13.961690
2,15,13.968835
3,0,13.716203
3,1,14.011426
3,2,14.116678
3,4,13.890966
3,5,13.949202
3,6,13.972456
3,7,13.953285
3,8,13.673094
3,9,14.042611
3,10,14.065909
3,11,14.174780
3,12,13.763126
3,13,13.927360
3,14,13.949182
3,15,13.955737
4,0,13.871116
4,1,14.277123
4,2,14.317929
4,3,14.316319
4,5,14.806411
4,6,14.679157
4,7,14.691041
4,8,13.833550
4,9,14.182575
4,10,14.298918
4,11,14.279977
4,12,14.292777
4,13,14.715806
4,14,14.661247
4,15,14.805485
5,0,13.830496
5,1,14.275601
5,2,14.317449
5,3,14.316864
5,4,14.722754
5,6,14.752333
5,7,14.586343
5,8,13.799271
5,9,14.185144
5,10,14.292274
5,11,14.252762
5,12,14.694871
5,13,14.322824
5,14,14.758204
5,15,14.611505
6,0,13.807085
6,1,14.268034
6,2,14.283919
6,3,14.285918
6,4,14.319980
6,5,14.362354
6,7,14.311736
6,8,13.817130
6,9,14.165152
6,10,14.258172
6,11,14.290413
6,12,14.309755
6,13,14.371299
6,14,14.171256
6,15,14.345703
7,0,13.761201
7,1,14.258580
7,2,14.241034
7,3,14.220086
7,4,14.537137
7,5,14.409375
7,6,14.513953
7,8,13.768753
7,9,14.146916
7,10,14.224131
7,11,14.284217
7,12,14.575026
7,13,14.524509
7,14,14.400894
7,15,14.238770
8,0,14.355738
8,1,14.361567
8,2,14.362479
8,3,14.436805
8,4,14.101575
8,5,14.144796
8,6,14.158334
8,7,14.147831
8,9,14.431654
8,10,14.321851
8,11,14.449457
8,12,13.839630
8,13,14.124980
8,14,14.140715
8,15,14.153630
9,0,13.615242
9,1,14.219515
9,2,14.313566
9,3,14.129994
9,4,13.911325
9,5,13.985160
9,6,13.982780
9,7,13.985825
9,8,13.647345
9,10,14.288765
9,11,14.172134
9,12,13.765008
9,13,13.948669
9,14,13.984904
9,15,13.990489
10,0,13.543343
10,1,14.171825
10,2,14.080224
10,3,14.100346
10,4,13.891545
10,5,13.947131
10,6,13.985963
10,7,13.960223
10,8,13.518111
10,9,14.171969
10,11,14.085294
10,12,13.719558
10,13,13.962703
10,14,13.971536
10,15,13.961261
11,0,13.744671
11,1,14.016527
11,2,14.102256
11,3,14.171217
11,4,13.880753
11,5,13.950854
11,6,13.977663
11,7,13.974447
11,8,13.628434
11,9,14.024531
11,10,14.043788
11,12,13.705227
11,13,13.955521
11,14,13.963174
11,15,13.951928
12,0,13.750983
12,1,14.232222
12,2,14.245821
12,3,14.266443
12,4,14.313025
12,5,14.750506
12,6,14.605113
12,7,14.786954
12,8,13.813185
12,9,14.177196
12,10,14.288616
12,11,14.233549
12,13,14.711306
12,14,14.665384
12,15,14.759452
13,0,13.814757
13,1,14.305052
13,2,14.309823
13,3,14.272950
13,4,14.648513
13,5,14.304235
13,6,14.711440
13,7,14.673716
13,8,13.764733
13,9,14.152815
13,10,14.249204
13,11,14.185864
13,12,14.696461
13,14,14.755680
13,15,14.704980
14,0,13.792745
14,1,14.272968
14,2,14.317987
14,3,14.281947
14,4,14.309744
14,5,14.435658
14,6,14.150459
14,7,14.339099
14,8,13.794409
14,9,14.153839
14,10,14.271649
14,11,14.318505
14,12,14.328598
14,13,14.436737
14,15,14.350149
15,0,13.812286
15,1,14.244833
15,2,14.293035
15,3,14.290973
15,4,14.597306
15,5,14.471754
15,6,14.542872
15,7,14.210644
15,8,13.811486
15,9,14.170836
15,10,14.236636
15,11,14.286488
15,12,14.573878
15,13,14.500077
15,14,14.499458
