0,0,14.719270
0,1,14.755893
0,2,14.704347
0,3,14.616397
0,4,14.859061
0,5,14.846854
0,6,14.808389
0,7,14.790616
0,8,14.876844
0,9,14.752720
0,10,14.689086
0,11,14.640443
0,12,14.909145
0,13,14.785653
0,14,14.561871
0,15,14.806868
1,0,14.712321
1,1,14.755234
1,2,14.706923
1,3,14.616919
1,4,14.759489
1,5,14.816821
1,6,14.645221
1,7,14.681669
1,8,14.748616
1,9,14.811314
1,10,14.708895
1,11,14.612569
1,12,14.854503
1,13,14.879629
1,14,14.851907
1,15,14.828226
2,0,14.737651
2,1,14.730683
2,2,14.691049
2,3,14.623115
2,4,14.878547
2,5,14.807155
2,6,14.849426
2,7,14.730234
2,8,14.744900
2,9,14.710875
2,10,14.715346
2,11,14.622706
2,12,14.810577
2,13,14.641517
2,14,14.849989
2,15,14.663930
3,0,14.810749
3,1,14.757310
3,2,14.688122
3,3,14.653964
3,4,14.872636
3,5,14.800409
3,6,14.778044
3,7,14.821257
3,8,14.748776
3,9,14.741043
3,10,14.705875
3,11,14.636129
3,12,14.874202
3,13,14.781454
3,14,14.850493
3,15,14.828345
4,0,14.638727
4,1,14.888801
4,2,14.812482
4,3,14.755849
4,4,14.650364
4,5,14.808142
4,6,14.749106
4,7,14.806979
4,8,14.717491
4,9,14.744781
4,10,14.800668
4,11,14.646324
4,12,14.828839
4,13,14.739599
4,14,14.850215
4,15,14.759599
5,0,14.892377
5,1,14.870052
5,2,14.771411
5,3,14.755062
5,4,14.829786
5,5,14.807377
5,6,14.838594
5,7,14.676775
5,8,14.896434
5,9,14.778185
5,10,14.742993
5,11,14.799838
5,12,14.901950
5,13,14.820739
5,14,14.781623
5,15,14.475584
6,0,14.746791
6,1,14.715461
6,2,14.554254
6,3,14.649140
6,4,14.725228
6,5,14.826345
6,6,14.850598
6,7,14.793835
6,8,14.738236
6,9,14.764724
6,10,14.817432
6,11,14.657129
6,12,14.886749
6,13,14.859037
6,14,14.856586
6,15,14.763835
7,0,14.884471
7,1,14.879529
7,2,14.688947
7,3,14.763512
7,4,14.769590
7,5,14.790320
7,6,14.842828
7,7,14.809847
7,8,14.752461
7,9,14.872590
7,10,14.654925
7,11,14.777268
7,12,14.863534
7,13,14.863469
7,14,14.845688
7,15,14.652598
8,0,14.749465
8,1,14.741525
8,2,14.694199
8,3,14.637544
8,4,14.849363
8,5,14.813738
8,6,14.842786
8,7,14.662873
8,8,14.746698
8,9,14.746486
8,10,14.650818
8,11,14.528014
8,12,14.884835
8,13,14.825600
8,14,14.825311
8,15,14.797467
9,0,14.762725
9,1,14.545037
9,2,14.694464
9,3,14.630888
9,4,14.801927
9,5,14.809445
9,6,14.852839
9,7,14.777978
9,8,14.897239
9,9,14.742353
9,10,14.690167
9,11,14.627548
9,12,14.807737
9,13,14.879505
9,14,14.840444
9,15,14.817791
10,0,14.745386
10,1,14.734719
10,2,14.718695
10,3,14.605565
10,4,14.739332
10,5,14.773816
10,6,14.733848
10,7,14.742391
10,8,14.751647
10,9,14.761127
10,10,14.702719
10,11,14.600979
10,12,14.892208
10,13,14.825711
10,14,14.852047
10,15,14.756444
11,0,14.754204
11,1,14.738983
11,2,14.675706
11,3,14.638943
11,4,14.853345
11,5,14.849808
11,6,14.842388
11,7,14.791515
11,8,14.747214
11,9,14.736402
11,10,14.721085
11,11,14.632868
11,12,14.818622
11,13,14.821791
11,14,14.840562
11,15,14.773913
12,0,14.895154
12,1,14.764102
12,2,14.817631
12,3,14.579950
12,4,14.855444
12,5,14.830172
12,6,14.846910
12,7,14.792611
12,8,14.744214
12,9,14.863731
12,10,14.818733
12,11,14.624623
12,12,14.832584
12,13,14.747850
12,14,14.843818
12,15,14.770570
13,0,14.896230
13,1,14.751673
13,2,14.835087
13,3,14.763362
13,4,14.750396
13,5,14.860764
13,6,14.786249
13,7,14.764688
13,8,14.882413
13,9,14.740416
13,10,14.551223
13,11,14.783366
13,12,14.893364
13,13,14.824706
13,14,14.840809
13,15,14.812483
14,0,14.907448
14,1,14.718041
14,2,14.694084
14,3,14.778559
14,4,14.900544
14,5,14.849445
14,6,14.857379
14,7,14.744698
14,8,14.716051
14,9,14.750275
14,10,14.801340
14,11,14.627737
14,12,14.729672
14,13,14.870438
14,14,14.774674
14,15,14.661306
15,0,14.758172
15,1,14.717798
15,2,14.830385
15,3,14.621220
15,4,14.857630
15,5,14.616570
15,6,14.840416
15,7,14.797545
15,8,14.891933
15,9,14.736395
15,10,14.684963
15,11,14.644965
15,12,14.874621
15,13,14.845931
15,14,14.718195
15,15,14.657557
