0,1,96.79281625371159,40.601599819907285
0,2,87.97525121196566,73.45235021821009
0,3,96.49221744547025,25.411139748809383
0,4,197.39321741181354,111.44356033654118
0,5,200.09860668598557,1245.868724839787
0,6,199.19681026126148,16.62617440696495
0,7,198.8962114530203,615.198572938876
0,8,48.39640812685579,24.206344501927852
0,9,95.49022141799915,27.017533411318073
0,10,78.45628895098986,68.38217022091699
0,11,97.2938142674472,40.752199225767434
0,12,197.69381622005486,363.15540729126326
0,13,201.30100191895102,1588.5124930528932
0,14,198.5956126447789,24.85894192732206
0,15,197.79401582280198,362.68352915290006
1,0,93.88702777404528,25.41113974880936
1,2,86.07145875977052,70.47048198217827
1,3,95.59042102074622,24.93926161044742
1,4,196.19082217884807,28.473327667966583
1,5,195.990422973354,488.5846324520189
1,6,200.59960469972108,722.8369882873515
1,7,196.59162058983665,367.02079204167325
1,8,95.2898222125049,25.089861016307665
1,9,48.89740614059135,26.6661347976443
1,10,76.25189769055336,27.901049925697905
1,11,96.69261665096442,46.93681482642587
1,12,197.19281820631932,529.8689495784926
1,13,195.08862654862992,627.4071647739435
1,14,200.6998043024682,727.806768680735
1,15,200.39920549422692,889.5404906141904
2,0,99.09740711689517,9.82912122247508
2,1,96.29181823997605,23.88506576942612
2,3,99.19760671964232,11.043956429747269
2,4,197.29301780906633,21.475475275663065
2,5,197.6938162200548,363.15540729126275
2,6,201.401201521698,336.33867308775916
2,7,199.39720946675578,352.4026097128469
2,8,99.39800592513652,11.405395003811723
2,9,97.29381426744716,20.672278444408775
2,10,49.79920256531536,41.073477958269166
2,11,98.49620950041252,14.166384111248524
2,12,200.2990058914797,707.8071675825012
2,13,202.7037963574105,1648.2703372982196
2,14,201.70180032993937,539.457111751591
2,15,203.3049939738932,1161.2117788255828
3,0,97.3940138701943,22.2485522257454
3,1,95.8910198289876,24.607942917555057
3,2,87.67465240372434,73.04071184219218
3,4,198.89621145302021,721.6221530800779
3,5,197.89421542554905,562.990778907344
3,6,196.19082217884824,38.513288058645855
3,7,196.59162058983654,25.662138758576315
3,8,96.49221744547023,25.411139748809436
3,9,95.390021815252,25.05974113513556
3,10,72.74491159440433,25.340860026074616
3,11,48.897406140591364,24.65814271950844
3,12,201.10060271345677,512.5500179045723
3,13,193.9864309184117,25.140060818261016
3,14,200.80000390521533,700.6285959031679
3,15,197.39321741181354,366.45855425979585
4,0,191.58164045248105,753.5592670828294
4,1,188.27505356182624,410.2227416027677
4,2,193.385233301929,751.9930332618818
4,3,190.679844027757,715.7588162119189
4,5,96.49221744547027,27.419131826945236
4,6,98.89700791140096,11.355195201858315
4,7,98.09541108942405,16.656294288136984
4,8,192.68383608269923,551.9066626360344
4,9,188.77605157556184,55.66154040592629
4,10,186.6718599178725,838.6479313938346
4,11,188.47545276732052,33.52342774447824
4,12,49.097805346085586,27.10789305483419
4,13,96.49221744547025,23.4031476706735
4,14,98.59640910315962,13.493706765073025
4,15,98.89700791140095,13.363187279994209
5,0,189.67784800028588,896.0765048285222
5,1,187.87425515083788,454.55920668800695
5,2,193.78603171291743,930.1420904340963
5,3,188.17485395907912,71.44435814007406
5,4,96.59241704821737,23.13206874012519
5,6,97.29381426744715,22.68027052254462
5,7,97.49421347294135,21.796754008164804
5,8,189.57764839753872,27.469331628898644
5,9,187.47345673984933,60.83212000712605
5,10,188.7760515755619,1425.1121376945887
5,11,196.19082217884824,1731.2506099271823
5,12,96.79281625371162,24.537663194820244
5,13,50.40040018179807,20.993557176910507
5,14,97.69461267843562,18.82492573252371
5,15,96.89301585645875,22.198352423791984
6,0,189.778047603033,879.1390916494443
6,1,191.08064243874526,66.77577655840823
6,2,192.58363647995213,33.29250865549268
6,3,192.6838360826991,71.9965559615615
6,4,96.1916186372289,24.09590493763039
6,5,96.19161863722891,24.095904937630362
6,7,98.19561069217116,18.07192870322281
6,8,193.58563250742324,648.3404821885082
6,9,194.3872293294001,1094.355682584049
6,10,184.06667024644761,25.41113974880939
6,11,190.8802432332512,438.49527006292016
6,12,96.9932154592058,21.84695381011824
6,13,96.59241704821736,31.16403705266865
6,14,49.29820455157981,23.453347472626902
6,15,98.09541108942402,16.65629428813701
7,0,187.3732571371023,25.099900976698304
7,1,189.67784800028576,60.751800324000605
7,2,193.78603171291746,392.0002134936845
7,3,193.4854329046761,531.5054631221744
7,4,97.99521148667696,17.228572030405722
7,5,96.29181823997605,23.885065769426124
7,6,98.79680830865382,12.088112310377904
7,8,189.07665038380318,33.4431080613528
7,9,191.88223926072237,840.0936856900934
7,10,182.96447461622938,33.372828338618035
7,11,191.88223926072246,1458.5552457559415
7,12,97.19361466470009,21.083916820426627
7,13,95.4902214179991,25.00954133318222
7,14,97.8950118839298,17.780769851893098
7,15,49.899402168062494,28.071729252339484
8,0,49.899402168062494,44.13566587742646
8,1,95.59042102074623,26.947253688583277
8,2,81.06147862241485,52.39855327895546
8,3,97.29381426744712,40.75219922576745
8,4,199.89820748049144,777.8459312678821
8,5,194.18683012390585,23.654146680440487
8,6,201.60160072719228,673.2395839573937
8,7,204.6075888096057,1767.3944673336268
8,9,95.8910198289876,30.631919151962652
8,10,74.5485044438524,38.79440694958501
8,11,96.79281625371162,30.561639429227842
8,12,206.9121796727893,1978.6251939931294
8,13,196.7920197953309,412.6825318984835
8,14,197.69381622005486,425.4031617134756
8,15,202.202798343675,1267.806038293422
9,0,80.86107941692056,167.17538046520156
9,1,49.999601770809605,31.113837250715324
9,2,87.47425319823007,71.99655596156161
9,3,97.09341506195292,35.53141982261413
9,4,195.2890257541241,33.12182932885113
9,5,196.99241900082507,422.12009466572187
9,6,201.90219953543354,675.438335282953
9,7,200.09860668598557,1079.20538235451
9,8,94.6886245960223,28.864886123203114
9,10,73.34610921088702,31.886914200797538
9,11,96.69261665096455,24.848901966931322
9,12,196.89221939807797,374.23952356257075
9,13,191.681840055228,25.41113974880941
9,14,196.09062257610108,30.63191915196268
9,15,195.5896245623655,29.075725291407363
10,0,99.79880433612496,7.871328946292582
10,1,98.5964091031596,13.493706765073034
10,2,50.20000097630383,23.08186893817183
10,3,99.59840513063074,9.678521816614861
10,4,197.7940158228019,21.32487586980288
10,5,196.59162058983665,162.20560007181544
10,6,203.40519357664033,1633.5015555635277
10,7,198.39521343928467,373.4865265332708
10,8,96.69261665096448,44.928822748290074
10,9,96.29181823997597,110.22872512926861
10,11,99.2978063223894,14.246703794374
10,12,197.29301780906633,25.491459431934796
10,13,186.5716603151254,29.678122914848135
10,14,197.49341701456058,625.0778939633041
10,15,202.10259874092787,411.7488155821517
11,0,97.2938142674472,38.74420714763157
11,1,96.3920178427231,25.662138758576372
11,2,85.97125915702341,60.60120091814062
11,3,49.1980049488327,26.294656263189225
11,4,195.7900237678597,28.955245766719198
11,5,195.28902575412417,27.097853094443558
11,6,197.39321741181354,382.5224908848828
11,7,201.40120152169794,922.6723599034344
11,8,100.2998023498605,225.88906882989448
11,9,97.79481228118273,22.328871908870827
11,10,85.67066034878194,22689.055487886468
11,12,198.79601185027306,21.5256750776165
11,13,186.0706623013899,32.639911230098505
11,14,198.0946146310434,375.20335976007743
11,15,194.08663052115895,1059.52705998878
12,0,186.8722591233667,26.856894045067225
12,1,186.77205952061962,35.1800212089404
12,2,189.67784800028588,28.6239270738268
12,3,189.37724919204456,49.19580591432872
12,4,50.60079938729229,20.832917810659623
12,5,102.00319559656153,3536.837086586945
12,6,98.69660870590674,14.808941576252025
12,7,98.39600989766537,14.818981536642685
12,8,191.3812412469868,541.1538650576168
12,9,191.1808420414925,770.4264005391697
12,10,183.56567223271202,33.89490627893337
12,11,188.4754527673205,51.595356447701185
12,13,96.79281625371159,30.561639429227913
12,14,99.2978063223894,8.222727559966357
12,15,98.09541108942409,16.656294288137026
13,0,186.57166031512534,37.710091227391565
13,1,184.9684666711716,30.96323784485505
13,2,190.67984402775696,37.0574938019973
13,3,188.67585197281468,50.31024151769411
13,4,94.88902380151643,25.00954133318219
13,5,48.897406140591364,18.634166485100838
13,6,98.29581029491828,15.451499041255474
13,7,96.89301585645873,22.198352423792
13,8,191.58164045248105,560.7920275817847
13,9,190.6798440277571,59.145406661492
13,10,188.1748539590792,880.66516562883
13,11,189.17684998655022,54.7780238915463
13,12,95.69062062349337,24.848901966931372
13,14,98.39600989766541,14.818981536642726
13,15,96.49221744547027,23.4031476706735
14,0,189.2770495892975,321.067893333535
14,1,195.28902575412408,796.1588190204819
14,2,191.88223926072234,26.85689404506719
14,3,191.88223926072226,34.888862357610584
14,4,97.09341506195292,23.483467353798957
14,5,96.69261665096448,24.848901966931322
14,6,49.1980049488327,44.366584966412056
14,7,99.79880433612492,33.975225962058886
14,8,190.57964442500986,32.087713408611194
14,9,192.1828380689635,52.97083102122414
14,10,186.87225912336672,490.7030640944522
14,11,196.69182019258378,3742.2044763783065
14,12,97.19361466470002,23.09190889856242
14,13,97.0934150619529,21.475475275663126
14,15,96.7928162537116,24.53766319482027
15,0,186.17086190413687,26.46533558983072
15,1,189.07665038380324,55.53102092084733
15,2,193.18483409643483,518.2225955253039
15,3,189.97844680852708,56.06313882155332
15,4,97.79481228118267,20.320879830734988
15,5,96.29181823997605,27.901049925697873
15,6,99.09740711689521,9.829121222475083
15,7,49.699002962568265,21.927273493243742
15,8,189.17684998655034,22.650150641372544
15,9,195.68982416511253,1599.2753305917047
15,10,193.58563250742336,1758.7601013976425
15,11,189.77804760303306,403.2449691312452
15,12,97.29381426744717,20.67227844440873
15,13,95.49022141799911,25.009541333182174
15,14,98.99720751414804,10.60219817255737
